        ********************
        ****** MODEL2 ******
        ********************

TITLE= M 31        
OPTICAL FILENAME= m31.mub     
HI FILENAME= m31.hidhe   
OBSERVED VELOCITY FILE= m31.vhi     

RCORE=  48.00   SIGMA= 120.00   XML=   7.80
DIST=    0.76   ABS=     0.33   RATIO= 0.32
ECC=     0.15  HECC=     0.00
ABSOLUTE MAGNITUDE= -20.69      TOTAL DISK MASS=   0.22E+12   TOTAL HI MASS=   0.50E+10


     RADIUS   DISK MASS     DISK S.D.     HALO MASS     HALO V.D.     HALO S.D.     HI MASS       HI S.D.

      0.00    0.0000E+00    0.7652E+04    0.0000E+00    0.1041E-02    0.1008E+03    0.0000E+00    0.1212E-02
      0.48    0.4179E+10    0.4847E+04    0.4814E+06    0.1041E-02    0.1007E+03    0.9796E+05    0.1975E+00
      0.96    0.1249E+11    0.3022E+04    0.3848E+07    0.1041E-02    0.1006E+03    0.7837E+06    0.3949E+00
      1.44    0.2098E+11    0.1854E+04    0.1298E+08    0.1040E-02    0.1006E+03    0.2645E+07    0.5924E+00
      1.92    0.2870E+11    0.1275E+04    0.3075E+08    0.1039E-02    0.1005E+03    0.6268E+07    0.7899E+00
      2.40    0.3588E+11    0.9529E+03    0.6001E+08    0.1037E-02    0.1004E+03    0.1224E+08    0.9873E+00
      2.88    0.4259E+11    0.7519E+03    0.1036E+09    0.1036E-02    0.1003E+03    0.2116E+08    0.1185E+01
      3.36    0.4905E+11    0.6224E+03    0.1643E+09    0.1034E-02    0.1002E+03    0.3360E+08    0.1382E+01
      3.84    0.5528E+11    0.5232E+03    0.2450E+09    0.1031E-02    0.1001E+03    0.5024E+08    0.1596E+01
      4.32    0.6120E+11    0.4383E+03    0.3483E+09    0.1029E-02    0.9997E+02    0.7185E+08    0.1816E+01
      4.80    0.6668E+11    0.3604E+03    0.4769E+09    0.1026E-02    0.9987E+02    0.9920E+08    0.2046E+01
      5.28    0.7173E+11    0.3059E+03    0.6336E+09    0.1023E-02    0.9958E+02    0.1331E+09    0.2282E+01
      5.76    0.7659E+11    0.2761E+03    0.8210E+09    0.1019E-02    0.9930E+02    0.1741E+09    0.2491E+01
      6.24    0.8148E+11    0.2597E+03    0.1042E+10    0.1015E-02    0.9901E+02    0.2221E+09    0.2678E+01
      6.72    0.8646E+11    0.2437E+03    0.1298E+10    0.1011E-02    0.9872E+02    0.2772E+09    0.2797E+01
      7.20    0.9140E+11    0.2238E+03    0.1592E+10    0.1007E-02    0.9843E+02    0.3376E+09    0.2836E+01
      7.68    0.9619E+11    0.2018E+03    0.1927E+10    0.1002E-02    0.9815E+02    0.4037E+09    0.2960E+01
      8.16    0.1008E+12    0.1831E+03    0.2305E+10    0.9976E-03    0.9786E+02    0.4800E+09    0.3228E+01
      8.64    0.1053E+12    0.1741E+03    0.2728E+10    0.9925E-03    0.9757E+02    0.5682E+09    0.3525E+01
      9.12    0.1100E+12    0.1668E+03    0.3198E+10    0.9872E-03    0.9728E+02    0.6712E+09    0.3895E+01
      9.60    0.1146E+12    0.1589E+03    0.3717E+10    0.9817E-03    0.9699E+02    0.7901E+09    0.4232E+01
     10.08    0.1194E+12    0.1589E+03    0.4288E+10    0.9759E-03    0.9655E+02    0.9222E+09    0.4438E+01
     10.56    0.1243E+12    0.1530E+03    0.4912E+10    0.9699E-03    0.9610E+02    0.1067E+10    0.4621E+01
     11.04    0.1292E+12    0.1444E+03    0.5591E+10    0.9636E-03    0.9566E+02    0.1222E+10    0.4700E+01
     11.52    0.1339E+12    0.1340E+03    0.6327E+10    0.9572E-03    0.9521E+02    0.1387E+10    0.4771E+01
     12.00    0.1385E+12    0.1230E+03    0.7122E+10    0.9505E-03    0.9477E+02    0.1561E+10    0.4829E+01
     12.48    0.1428E+12    0.1138E+03    0.7976E+10    0.9437E-03    0.9432E+02    0.1744E+10    0.4886E+01
     12.96    0.1471E+12    0.1059E+03    0.8893E+10    0.9367E-03    0.9388E+02    0.1936E+10    0.4926E+01
     13.44    0.1511E+12    0.9915E+02    0.9872E+10    0.9295E-03    0.9343E+02    0.2137E+10    0.4960E+01
     13.92    0.1551E+12    0.9326E+02    0.1092E+11    0.9221E-03    0.9299E+02    0.2339E+10    0.4721E+01
     14.40    0.1590E+12    0.8844E+02    0.1203E+11    0.9146E-03    0.9254E+02    0.2534E+10    0.4424E+01
     14.88    0.1628E+12    0.8397E+02    0.1320E+11    0.9069E-03    0.9195E+02    0.2717E+10    0.3954E+01
     15.36    0.1665E+12    0.7813E+02    0.1445E+11    0.8991E-03    0.9136E+02    0.2882E+10    0.3421E+01
     15.84    0.1700E+12    0.7083E+02    0.1576E+11    0.8912E-03    0.9077E+02    0.3026E+10    0.2932E+01
     16.32    0.1732E+12    0.6349E+02    0.1714E+11    0.8831E-03    0.9017E+02    0.3152E+10    0.2467E+01
     16.80    0.1761E+12    0.5694E+02    0.1859E+11    0.8749E-03    0.8958E+02    0.3262E+10    0.2110E+01
     17.28    0.1789E+12    0.5197E+02    0.2012E+11    0.8666E-03    0.8899E+02    0.3360E+10    0.1831E+01
     17.76    0.1815E+12    0.4787E+02    0.2171E+11    0.8581E-03    0.8840E+02    0.3450E+10    0.1661E+01
     18.24    0.1840E+12    0.4386E+02    0.2338E+11    0.8496E-03    0.8780E+02    0.3538E+10    0.1583E+01
     18.72    0.1862E+12    0.3959E+02    0.2512E+11    0.8410E-03    0.8721E+02    0.3626E+10    0.1537E+01
     19.20    0.1884E+12    0.3629E+02    0.2693E+11    0.8324E-03    0.8662E+02    0.3715E+10    0.1526E+01
     19.68    0.1904E+12    0.3349E+02    0.2882E+11    0.8236E-03    0.8603E+02    0.3805E+10    0.1506E+01
     20.16    0.1923E+12    0.3085E+02    0.3078E+11    0.8148E-03    0.8543E+02    0.3895E+10    0.1468E+01
     20.64    0.1941E+12    0.2815E+02    0.3281E+11    0.8059E-03    0.8484E+02    0.3985E+10    0.1429E+01
     21.12    0.1958E+12    0.2599E+02    0.3492E+11    0.7970E-03    0.8425E+02    0.4074E+10    0.1391E+01
     21.60    0.1974E+12    0.2420E+02    0.3710E+11    0.7880E-03    0.8366E+02    0.4162E+10    0.1334E+01
     22.08    0.1989E+12    0.2252E+02    0.3935E+11    0.7791E-03    0.8306E+02    0.4246E+10    0.1240E+01
     22.56    0.2003E+12    0.2042E+02    0.4168E+11    0.7700E-03    0.8247E+02    0.4324E+10    0.1134E+01
     23.04    0.2016E+12    0.1849E+02    0.4407E+11    0.7610E-03    0.8188E+02    0.4396E+10    0.1012E+01
     23.52    0.2028E+12    0.1691E+02    0.4655E+11    0.7519E-03    0.8129E+02    0.4460E+10    0.8889E+00
     24.00    0.2040E+12    0.1558E+02    0.4909E+11    0.7428E-03    0.8069E+02    0.4517E+10    0.7868E+00
     24.48    0.2050E+12    0.1430E+02    0.5171E+11    0.7338E-03    0.8005E+02    0.4569E+10    0.6936E+00
     24.96    0.2060E+12    0.1311E+02    0.5439E+11    0.7247E-03    0.7940E+02    0.4617E+10    0.6259E+00
     25.44    0.2070E+12    0.1205E+02    0.5715E+11    0.7156E-03    0.7875E+02    0.4661E+10    0.5683E+00
     25.92    0.2079E+12    0.1141E+02    0.5998E+11    0.7066E-03    0.7810E+02    0.4701E+10    0.5107E+00
     26.40    0.2087E+12    0.1040E+02    0.6288E+11    0.6976E-03    0.7745E+02    0.4737E+10    0.4532E+00
     26.88    0.2095E+12    0.9532E+01    0.6585E+11    0.6886E-03    0.7680E+02    0.4770E+10    0.3956E+00
     27.36    0.2102E+12    0.9259E+01    0.6888E+11    0.6796E-03    0.7615E+02    0.4798E+10    0.3411E+00
     27.84    0.2110E+12    0.8529E+01    0.7198E+11    0.6706E-03    0.7550E+02    0.4823E+10    0.2969E+00
     28.32    0.2116E+12    0.7806E+01    0.7515E+11    0.6617E-03    0.7485E+02    0.4846E+10    0.2634E+00
     28.80    0.2123E+12    0.7141E+01    0.7839E+11    0.6529E-03    0.7420E+02    0.4866E+10    0.2298E+00
     29.28    0.2128E+12    0.6533E+01    0.8168E+11    0.6440E-03    0.7355E+02    0.4883E+10    0.1962E+00
     29.76    0.2134E+12    0.5976E+01    0.8505E+11    0.6353E-03    0.7290E+02    0.4899E+10    0.1736E+00
     30.24    0.2139E+12    0.5466E+01    0.8847E+11    0.6266E-03    0.7225E+02    0.4913E+10    0.1581E+00
     30.72    0.2143E+12    0.4998E+01    0.9196E+11    0.6179E-03    0.7160E+02    0.4926E+10    0.1437E+00
     31.20    0.2148E+12    0.4568E+01    0.9551E+11    0.6093E-03    0.7096E+02    0.4939E+10    0.1293E+00
     31.68    0.2152E+12    0.4180E+01    0.9912E+11    0.6008E-03    0.7031E+02    0.4950E+10    0.1149E+00
     32.16    0.2155E+12    0.3826E+01    0.1028E+12    0.5923E-03    0.6966E+02    0.4959E+10    0.1006E+00
     32.64    0.2159E+12    0.3500E+01    0.1065E+12    0.5839E-03    0.6901E+02    0.4968E+10    0.8617E-01
     33.12    0.2162E+12    0.3201E+01    0.1103E+12    0.5756E-03    0.6836E+02    0.4975E+10    0.7176E-01
     33.60    0.2165E+12    0.2925E+01    0.1141E+12    0.5673E-03    0.6771E+02    0.4980E+10    0.5736E-01
     34.08    0.2168E+12    0.2677E+01    0.1180E+12    0.5591E-03    0.6714E+02    0.4985E+10    0.4317E-01
     34.56    0.2170E+12    0.2450E+01    0.1220E+12    0.5510E-03    0.6657E+02    0.4988E+10    0.2953E-01
     35.04    0.2173E+12    0.2241E+01    0.1260E+12    0.5430E-03    0.6600E+02    0.4990E+10    0.2473E-01
     35.52    0.2175E+12    0.2048E+01    0.1300E+12    0.5351E-03    0.6543E+02    0.4992E+10    0.1993E-01
     36.00    0.2177E+12    0.1874E+01    0.1341E+12    0.5272E-03    0.6486E+02    0.4994E+10    0.1513E-01
     36.48    0.2179E+12    0.1715E+01    0.1383E+12    0.5194E-03    0.6428E+02    0.4995E+10    0.1034E-01
     36.96    0.2180E+12    0.1568E+01    0.1425E+12    0.5117E-03    0.6371E+02    0.4995E+10    0.3429E-02
     37.44    0.2182E+12    0.1433E+01    0.1467E+12    0.5041E-03    0.6314E+02    0.4995E+10    0.0000E+00
     37.92    0.2183E+12    0.1313E+01    0.1510E+12    0.4966E-03    0.6257E+02    0.4995E+10    0.0000E+00
     38.40    0.2185E+12    0.1201E+01    0.1553E+12    0.4892E-03    0.6200E+02    0.4995E+10    0.0000E+00
     38.88    0.2186E+12    0.1096E+01    0.1597E+12    0.4818E-03    0.6143E+02    0.4995E+10    0.0000E+00
     39.36    0.2187E+12    0.1004E+01    0.1641E+12    0.4746E-03    0.6086E+02    0.4995E+10    0.0000E+00
     39.84    0.2188E+12    0.9188E+00    0.1686E+12    0.4674E-03    0.6029E+02    0.4995E+10    0.0000E+00
     40.32    0.2189E+12    0.8388E+00    0.1731E+12    0.4604E-03    0.5972E+02    0.4995E+10    0.0000E+00
     40.80    0.2190E+12    0.7689E+00    0.1776E+12    0.4534E-03    0.5915E+02    0.4995E+10    0.0000E+00
     41.28    0.2191E+12    0.7030E+00    0.1822E+12    0.4465E-03    0.5858E+02    0.4995E+10    0.0000E+00
     41.76    0.2192E+12    0.6424E+00    0.1868E+12    0.4397E-03    0.5801E+02    0.4995E+10    0.0000E+00
     42.24    0.2193E+12    0.5885E+00    0.1915E+12    0.4330E-03    0.5744E+02    0.4995E+10    0.0000E+00
     42.72    0.2193E+12    0.5375E+00    0.1961E+12    0.4264E-03    0.5687E+02    0.4995E+10    0.0000E+00
     43.20    0.2194E+12    0.4922E+00    0.2008E+12    0.4199E-03    0.5629E+02    0.4995E+10    0.0000E+00
     43.68    0.2195E+12    0.4503E+00    0.2056E+12    0.4134E-03    0.5572E+02    0.4995E+10    0.0000E+00
     44.16    0.2195E+12    0.4112E+00    0.2104E+12    0.4071E-03    0.5515E+02    0.4995E+10    0.0000E+00
     44.64    0.2195E+12    0.1963E+00    0.2152E+12    0.4008E-03    0.5458E+02    0.4995E+10    0.0000E+00
     45.12    0.2195E+12    0.0000E+00    0.2200E+12    0.3947E-03    0.5401E+02    0.4995E+10    0.0000E+00
     45.60    0.2195E+12    0.0000E+00    0.2249E+12    0.3886E-03    0.5344E+02    0.4995E+10    0.0000E+00


      RADIUS   HI VEL.  DISK VEL. HALO VEL. VEL.TOTAL    MASS      DARK/LUM. (M/L)dyn   (M/L)loc  log(RHIHA)

      0.00      0.00      0.00      0.00      0.00    0.0000E+00    0.00       7.80        7.80     -4.92
      0.48      0.00    150.95      2.08    150.97    0.4180E+10    0.00       7.80        7.80     -2.71
      0.96      0.00    221.61      4.15    221.65    0.1249E+11    0.00       7.80        7.80     -2.41
      1.44      0.00    247.05      6.23    247.13    0.2099E+11    0.00       7.81        7.81     -2.23
      1.92      0.00    252.37      8.30    252.51    0.2874E+11    0.00       7.81        7.83     -2.10
      2.40      0.00    253.68     10.37    253.89    0.3595E+11    0.00       7.82        7.84     -2.01
      2.88      0.00    251.94     12.44    252.25    0.4272E+11    0.00       7.82        7.87     -1.93
      3.36      0.00    251.12     14.50    251.54    0.4925E+11    0.00       7.83        7.90     -1.86
      3.84      0.00    251.10     16.56    251.64    0.5557E+11    0.00       7.84        7.93     -1.80
      4.32      0.00    251.38     18.62    252.07    0.6162E+11    0.01       7.85        7.98     -1.74
      4.80      0.00    249.93     20.67    250.78    0.6726E+11    0.01       7.87        8.04     -1.69
      5.28      0.00    244.95     22.71    246.00    0.7249E+11    0.01       7.88        8.11     -1.64
      5.76      0.00    239.08     24.75    240.36    0.7758E+11    0.01       7.90        8.18     -1.60
      6.24      0.00    235.13     26.79    236.65    0.8275E+11    0.01       7.92        8.24     -1.57
      6.72      0.00    233.87     28.81    235.64    0.8803E+11    0.01       7.94        8.30     -1.55
      7.20      0.00    233.90     30.83    235.92    0.9333E+11    0.02       7.96        8.38     -1.54
      7.68      0.00    233.46     32.85    235.76    0.9852E+11    0.02       7.99        8.48     -1.52
      8.16      0.00    231.11     34.85    233.72    0.1036E+12    0.02       8.02        8.60     -1.48
      8.64      0.00    227.77     36.84    230.73    0.1086E+12    0.03       8.04        8.70     -1.44
      9.12      0.00    226.32     38.83    229.63    0.1138E+12    0.03       8.07        8.79     -1.40
      9.60      0.00    224.66     40.80    228.34    0.1191E+12    0.03       8.11        8.90     -1.36
     10.08      0.00    224.20     42.77    228.24    0.1246E+12    0.04       8.14        8.95     -1.34
     10.56      7.61    226.30     44.72    230.80    0.1303E+12    0.04       8.18        9.05     -1.32
     11.04     12.52    228.94     46.66    233.99    0.1360E+12    0.04       8.21        9.17     -1.31
     11.52     15.90    231.21     48.59    236.79    0.1417E+12    0.05       8.25        9.32     -1.30
     12.00     18.90    232.58     50.51    238.75    0.1472E+12    0.05       8.29        9.51     -1.29
     12.48     21.80    232.98     52.42    239.80    0.1526E+12    0.06       8.33        9.70     -1.29
     12.96     24.84    232.98     54.31    240.51    0.1579E+12    0.06       8.37        9.90     -1.28
     13.44     28.34    232.81     56.20    241.17    0.1631E+12    0.06       8.42       10.11     -1.27
     13.92     31.78    232.61     58.06    241.85    0.1684E+12    0.07       8.47       10.29     -1.29
     14.40     34.65    232.57     59.92    242.65    0.1736E+12    0.07       8.51       10.46     -1.32
     14.88     36.97    233.17     61.76    244.03    0.1787E+12    0.08       8.56       10.62     -1.37
     15.36     38.36    234.25     63.59    245.74    0.1838E+12    0.09       8.61       10.84     -1.43
     15.84     38.94    235.20     65.40    247.20    0.1888E+12    0.09       8.66       11.17     -1.49
     16.32     38.91    235.40     67.20    247.87    0.1935E+12    0.10       8.71       11.59     -1.56
     16.80     38.33    234.68     68.98    247.59    0.1980E+12    0.10       8.77       12.05     -1.63
     17.28     37.47    233.44     70.75    246.79    0.2024E+12    0.11       8.82       12.48     -1.69
     17.76     36.42    232.13     72.50    245.90    0.2067E+12    0.12       8.88       12.96     -1.73
     18.24     35.53    230.89     74.23    245.12    0.2109E+12    0.12       8.94       13.51     -1.74
     18.72     34.89    229.47     75.95    244.22    0.2150E+12    0.13       9.00       14.23     -1.75
     19.20     34.54    227.81     77.66    243.14    0.2190E+12    0.14       9.07       14.96     -1.75
     19.68     34.50    226.10     79.34    242.09    0.2230E+12    0.15       9.14       15.56     -1.76
     20.16     34.59    224.46     81.02    241.13    0.2270E+12    0.16       9.21       16.40     -1.76
     20.64     34.78    222.77     82.67    240.15    0.2309E+12    0.17       9.28       17.43     -1.77
     21.12     35.12    220.99     84.31    239.12    0.2348E+12    0.17       9.35       18.20     -1.78
     21.60     35.58    219.28     85.93    238.18    0.2386E+12    0.18       9.43       19.02     -1.80
     22.08     36.03    217.73     87.53    237.41    0.2425E+12    0.19       9.51       20.08     -1.83
     22.56     36.37    216.21     89.12    236.67    0.2463E+12    0.20       9.59       21.60     -1.86
     23.04     36.55    214.57     90.69    235.80    0.2501E+12    0.21       9.68       23.19     -1.91
     23.52     36.52    212.79     92.24    234.78    0.2538E+12    0.22       9.76       24.55     -1.96
     24.00     36.33    210.98     93.78    233.72    0.2576E+12    0.24       9.85       25.95     -2.01
     24.48     36.04    209.17     95.30    232.66    0.2613E+12    0.25       9.94       27.60     -2.06
     24.96     35.72    207.35     96.80    231.61    0.2650E+12    0.26      10.03       29.44     -2.10
     25.44     35.43    205.53     98.28    230.55    0.2688E+12    0.27      10.13       31.41     -2.14
     25.92     35.16    203.75     99.75    229.56    0.2725E+12    0.28      10.23       32.81     -2.18
     26.40     34.89    202.02    101.19    228.63    0.2763E+12    0.29      10.33       35.37     -2.23
     26.88     34.58    200.30    102.62    227.70    0.2801E+12    0.31      10.43       38.03     -2.29
     27.36     34.21    198.65    104.04    226.84    0.2839E+12    0.32      10.53       38.97     -2.35
     27.84     33.80    197.13    105.43    226.10    0.2878E+12    0.33      10.64       42.07     -2.41
     28.32     33.39    195.66    106.81    225.41    0.2916E+12    0.35      10.75       45.60     -2.45
     28.80     32.98    194.19    108.17    224.72    0.2955E+12    0.36      10.86       49.55     -2.51
     29.28     32.55    192.69    109.52    224.02    0.2994E+12    0.38      10.97       53.96     -2.57
     29.76     32.12    191.18    110.85    223.31    0.3033E+12    0.39      11.09       58.90     -2.62
     30.24     31.72    189.67    112.16    222.62    0.3073E+12    0.40      11.21       63.64     -2.66
     30.72     31.35    188.16    113.45    221.94    0.3112E+12    0.42      11.33       68.02     -2.70
     31.20     31.01    186.66    114.72    221.28    0.3152E+12    0.43      11.45       72.55     -2.74
     31.68     30.70    185.17    115.98    220.64    0.3192E+12    0.45      11.57       78.87     -2.79
     32.16     30.39    183.70    117.22    220.02    0.3233E+12    0.47      11.70       86.90     -2.84
     32.64     30.09    182.24    118.45    219.42    0.3274E+12    0.48      11.83       95.95     -2.90
     33.12     29.79    180.80    119.66    218.84    0.3315E+12    0.50      11.96      103.98     -2.98
     33.60     29.46    179.37    120.85    218.28    0.3356E+12    0.52      12.09      109.67     -3.07
     34.08     29.12    177.97    122.02    217.74    0.3398E+12    0.53      12.23      119.30     -3.19
     34.56     28.76    176.59    123.18    217.22    0.3440E+12    0.55      12.36      132.62     -3.35
     35.04     28.40    175.23    124.32    216.72    0.3482E+12    0.57      12.50      147.46     -3.43
     35.52     28.06    173.88    125.45    216.24    0.3525E+12    0.58      12.64      153.64     -3.52
     36.00     27.73    172.56    126.56    215.79    0.3568E+12    0.60      12.78      166.98     -3.63
     36.48     27.40    171.27    127.65    215.36    0.3611E+12    0.62      12.93      186.94     -3.79
     36.96     27.08    169.99    128.73    214.95    0.3655E+12    0.64      13.08      203.94     -4.27
     37.44     26.75    168.73    129.80    214.55    0.3699E+12    0.66      13.22      211.89      0.00
     37.92     26.43    167.51    130.84    214.19    0.3743E+12    0.68      13.37      238.26      0.00
     38.40     26.14    166.30    131.87    213.84    0.3788E+12    0.70      13.52      268.51      0.00
     38.88     25.87    165.10    132.89    213.51    0.3833E+12    0.71      13.68      272.42      0.00
     39.36     25.61    163.94    133.89    213.22    0.3878E+12    0.73      13.83      306.35      0.00
     39.84     25.37    162.80    134.88    212.93    0.3924E+12    0.75      13.99      346.83      0.00
     40.32     25.13    161.68    135.85    212.67    0.3970E+12    0.77      14.14      349.83      0.00
     40.80     24.91    160.59    136.81    212.43    0.4016E+12    0.79      14.30      397.02      0.00
     41.28     24.70    159.51    137.75    212.20    0.4063E+12    0.81      14.46      443.12      0.00
     41.76     24.49    158.46    138.68    212.00    0.4110E+12    0.83      14.62      455.49      0.00
     42.24     24.29    157.45    139.60    211.82    0.4157E+12    0.85      14.79      519.27      0.00
     42.72     24.10    156.46    140.50    211.66    0.4205E+12    0.87      14.95      551.35      0.00
     43.20     23.92    155.51    141.38    211.53    0.4252E+12    0.90      15.12      598.31      0.00
     43.68     23.74    154.59    142.26    211.42    0.4301E+12    0.92      15.28      685.62      0.00
     44.16     23.56    153.68    143.12    211.32    0.4349E+12    0.94      15.45      689.63      0.00
     44.64     23.39    152.74    143.96    211.19    0.4397E+12    0.96      15.62        0.00      0.00
     45.12     23.23    151.78    144.79    211.05    0.4445E+12    0.98      15.80        0.00      0.00
     45.60     23.07    150.75    145.61    210.85    0.4494E+12    1.00      15.97        0.00      0.00
